Running for value 1.3218454386828071...
0.0141527,
0.0140646,
0.013989,
0.0140257,
0.0139802,
0.0139922,
0.0140528,
0.0140497,
0.0140266,
0.0141434,

Running for value 7.429242462300721...
0.0127201,
0.012822,
0.0128031,
0.0127881,
0.0127937,
0.0127591,
0.0127951,
0.012791,
0.0127633,
0.0127714,

Running for value 20.448998156279607...
0.0109951,
0.0109327,
0.0109596,
0.0110162,
0.0109249,
0.0108985,
0.0109884,
0.0110064,
0.0110421,
0.0109756,

Running for value 44.35579276774375...
0.00903996,
0.00903532,
0.00904971,
0.00898728,
0.00903001,
0.00904096,
0.00903882,
0.00902861,
0.00903617,
0.00904224,

Running for value 85.59512159890338...
0.00722563,
0.00720008,
0.00720802,
0.00721519,
0.00721883,
0.0072101,
0.00720689,
0.00720661,
0.00720613,
0.00719506,

Running for value 152.4321293389935...
0.0055844,
0.00560633,
0.00558376,
0.00557618,
0.00559108,
0.00560333,
0.00559779,
0.00558932,
0.0055864,
0.00558974,

Running for value 251.20242463993492...
0.00428336,
0.00427485,
0.00426996,
0.00427961,
0.00427639,
0.00428024,
0.00428611,
0.00427578,
0.00428043,
0.00427174,

Running for value 378.0986975526874...
0.00329602,
0.00328508,
0.00329866,
0.00329119,
0.003293,
0.00328762,
0.00329286,
0.00329557,
0.00329559,
0.00329728,

Running for value 510.1482256352902...
0.00264434,
0.00264258,
0.00264758,
0.00264605,
0.00264447,
0.00264522,
0.00264143,
0.00263884,
0.00264369,
0.00264208,

Running for value 606.495129089744...
0.00229732,
0.00229639,
0.00230047,
0.00229598,
0.00229924,
0.00230508,
0.00230376,
0.00230158,
0.00230292,
0.00229362,

---

-2.8849388368643654
